-3.8562   -0.7782   -0.0826   -0.0369
   -3.9053   -0.8695    0.1269   -0.0413
   -4.1748   -0.8209   -0.1147    0.0647
   -4.0719   -0.6002    0.1491    0.0698
   -4.1406   -0.7306    0.0299    0.0308
   -4.0830   -0.7635   -0.1641   -0.0697
   -4.1696   -0.9676   -0.0551   -0.1136
   -3.9268   -0.9342   -0.0192   -0.0055
   -3.9755   -0.6829    0.1294    0.0865
   -3.8640   -0.8368    0.1443    0.1225
   -3.2912    2.1029   -0.0143    0.2467
   -3.4332    2.2114   -0.2646    0.4121
   -3.6273    1.9959   -0.1135   -0.0239
   -3.9081    2.4097    0.6171   -0.5371
    0.5831    0.2369   -0.3443   -0.1315
    0.6214   -0.0979   -0.3435   -0.2084
    1.2026   -0.1079    0.2927   -0.0204
    0.7726    0.0139   -0.1798   -0.0046
    0.9082   -0.0578    0.2312   -0.0594
    0.4877    0.0365   -0.2313   -0.1619
    0.5825   -0.1752   -0.1962   -0.0840
    0.9071   -0.1155    0.3485   -0.0465
    0.9268    0.2058   -0.1037   -0.1070
    0.8474   -0.2250    0.0685   -0.1242
    1.1651   -0.0823   -0.0306    0.0644
    0.9441    0.2106    0.2392   -0.0148
    0.6249    0.3060   -0.3366   -0.0391
    0.8547   -0.1251   -0.1159    0.0689
    0.9864   -0.1797    0.0001    0.0074
    0.9599    0.0134    0.0297    0.2081
    0.7167    0.0360   -0.3904   -0.0932
    1.1033    0.0075    0.2323   -0.0889
    0.8908    0.1695    0.0761   -0.0983
    1.2875   -0.0111    0.1028    0.1187
    0.5272    0.0366   -0.2816   -0.0350
    1.0011    0.2333    0.1245    0.0718
    1.0456    0.1008    0.4026    0.0450
    0.8755   -0.3136   -0.0500   -0.0788
    1.0254    0.1013   -0.2652    0.0771
    1.1010    0.0335    0.2228    0.0021
    0.5902    0.1229   -0.4080    0.0093
    1.1504    0.0599    0.2293    0.1869
    0.9493   -0.2247    0.4064   -0.1133
    0.9477    0.1402   -0.1266    0.1897
    1.0486    0.0311   -0.2232    0.0347
    0.9183    0.0599   -0.1260    0.1706
    0.9356    0.2036   -0.4698    0.0069
    0.6026    0.0555   -0.3363    0.0256
    0.4933   -0.1328   -0.2879   -0.1275
    0.7371    0.1687   -0.0460   -0.0129
    0.7606   -0.1982   -0.2075   -0.1184
    0.7933    0.1473   -0.4902   -0.0224
    0.9824   -0.3103    0.2234    0.2439
    0.8408   -0.2127    0.1543   -0.1786
    1.0256   -0.0835    0.2502   -0.0559
    0.7796    0.0020    0.0145   -0.1722
    0.8676   -0.2552   -0.1421   -0.0191
    0.6814    0.1086   -0.0971   -0.1688
    0.8341    0.0866    0.0234    0.0639
    1.1181    0.1422    0.2705    0.1955
    0.9223    0.0659    0.3742    0.0246
    1.0625   -0.3158    0.0097    0.0382
    0.9916    0.0286    0.1179   -0.1454
    0.6387    0.2447   -0.1901   -0.0562
    0.7633   -0.1806   -0.1485    0.1087
    1.2246    0.1019    0.2626    0.0101
    0.9714    0.1513   -0.0247   -0.0429
    1.1460   -0.3536    0.1969    0.1347
    0.9273   -0.1269   -0.2085   -0.0385
    0.7893   -0.2028    0.1763    0.0580
    0.6918   -0.0015   -0.0905   -0.0476
    1.0352   -0.0314    0.2110    0.0123
    0.9886   -0.2018    0.2812    0.0829
    1.1923    0.1207    0.3488    0.0444
    1.0773   -0.1956    0.2020    0.2060
